---
version:
  config: 2020-04-02_17:48-stable:10527c9507-nexus@t2
  puppet: 5.5.18
resources:
  changed: 3
  corrective_change: 2
  failed: 0
  failed_to_restart: 0
  out_of_sync: 3
  restarted: 0
  scheduled: 0
  skipped: 0
  total: 1041
time:
  anchor: 0.001626505
  apt_key: 2.374957695
  catalog_application: 95.77198921469972
  concat_file: 0.000944676
  concat_fragment: 0.00161693
  config_retrieval: 28.7807939639315
  convert_catalog: 2.2862614719197154
  cron: 0.065273758
  debconf: 1.164086973
  exec: 0.469838119
  fact_generation: 6.00597687670961
  file: 9.629877556000013
  file_line: 0.000853175
  filebucket: 0.000472924
  group: 0.09808337999999997
  host: 0.000603797
  mount: 0.002415412
  node_retrieval: 0.39275527466088533
  notify: 0.002874595
  package: 3.94966114
  plugin_sync: 2.159536129795015
  rabbitmq_erlang_cookie: 0.000318094
  rabbitmq_exchange: 0.0035099439999999997
  rabbitmq_plugin: 12.757338549
  rabbitmq_policy: 5.156543257
  rabbitmq_user: 14.856170287999998
  rabbitmq_user_permissions: 19.492519629
  rabbitmq_vhost: 5.156963393
  schedule: 0.0025394080000000004
  service: 0.629016997
  sysctl: 0.001300915
  tidy: 0.000170198
  total: 136.361794191
  transaction_evaluation: 95.19333111867309
  user: 0.137263259
  last_run: 1585892661
changes:
  total: 3
events:
  failure: 0
  success: 3
  total: 3
